4000
37 92
96 47
80 84
15 2
11 61
69 89
0 79
12 57
20 84
38 49
40 20
47 89
36 34
14 58
20 98
88 57
90 36
5 22
72 20
24 83
33 45
73 33
24 37
91 97
22 29
46 62
1 93
51 90
80 18
48 0
16 88
57 58
24 14
80 97
86 4
80 20
2 5
53 78
43 96
75 17
25 21
31 79
67 34
21 99
52 69
99 20
9 8
30 33
75 10
30 61
67 63
81 69
20 87
47 63
83 75
32 61
48 63
92 15
98 13
14 2
82 65
75 91
26 5
76 1
68 59
62 35
22 96
56 42
83 55
58 66
30 90
27 79
6 19
46 56
32 13
58 66
78 85
57 56
91 34
57 11
45 20
46 67
16 54
61 99
9 71
17 40
14 45
71 20
64 17
76 49
30 86
15 61
72 73
17 15
59 75
26 4
47 24
23 15
78 36
66 39
8 83
31 22
28 2
42 45
20 70
94 2
56 9
63 28
34 81
95 45
8 21
1 55
97 24
70 75
61 88
67 69
71 98
43 52
1 85
49 73
55 43
75 63
4 39
92 39
72 87
84 80
61 38
35 58
62 57
86 75
97 5
96 68
3 39
72 56
76 21
29 83
64 57
47 21
48 91
60 20
78 96
0 91
34 87
2 49
96 40
24 93
45 73
13 0
12 86
57 89
59 38
72 76
95 19
97 43
10 9
15 41
5 15
84 92
54 38
93 50
78 69
95 23
42 9
24 55
47 33
96 6
71 20
82 19
92 31
14 54
40 30
47 46
97 32
90 52
70 35
54 1
4 2
24 47
63 0
54 10
33 2
68 57
22 3
76 14
34 42
69 75
72 68
73 70
0 15
74 23
50 28
76 54
30 52
53 93
53 59
55 38
61 76
47 84
79 75
50 13
18 71
40 90
40 13
12 92
80 86
67 30
15 43
37 97
96 42
43 1
2 98
91 15
26 39
51 5
14 2
71 32
25 11
75 65
77 87
10 9
74 77
40 41
73 77
90 69
71 33
70 73
84 61
89 10
52 40
68 67
94 39
51 20
2 26
37 31
14 99
41 40
77 33
81 50
62 23
71 33
57 93
7 93
6 48
55 59
40 23
78 87
14 29
7 17
8 96
0 22
96 93
14 25
26 47
27 88
70 98
22 27
43 81
72 49
81 28
60 73
51 38
60 66
20 67
35 28
16 35
2 12
29 16
89 7
63 16
96 33
66 70
13 61
3 85
10 36
13 23
9 17
61 70
35 81
89 70
61 5
57 63
69 86
79 58
94 94
26 42
28 44
64 93
5 67
78 16
3 44
91 12
61 52
82 96
86 24
18 47
29 75
63 51
14 94
61 60
89 88
2 69
32 66
62 38
85 40
6 88
36 97
52 97
1 87
45 39
11 15
39 92
91 2
43 57
96 5
17 37
45 71
6 77
89 68
67 74
61 25
14 97
22 18
47 76
57 44
15 68
60 6
13 3
8 56
60 57
13 29
94 58
52 53
88 41
21 7
67 82
33 33
32 7
3 79
83 61
23 51
29 35
57 94
38 18
51 50
27 16
79 73
75 83
26 15
76 0
22 43
34 55
28 66
63 32
45 98
93 21
1 74
56 11
69 95
29 72
45 56
88 77
29 15
12 8
30 89
8 5
32 42
60 13
61 75
45 6
26 90
27 79
64 84
90 85
31 19
57 28
27 46
57 9
13 70
69 96
59 77
1 43
71 13
56 32
41 53
91 19
43 18
98 60
54 89
45 85
60 3
14 40
1 23
1 66
93 70
62 52
99 63
48 70
29 4
55 70
10 46
89 53
16 39
13 23
28 11
60 41
14 26
81 67
50 34
33 43
4 96
48 3
11 96
25 92
52 32
62 62
30 3
68 47
43 33
22 23
44 82
16 10
9 49
29 59
83 63
54 87
11 2
42 74
50 20
67 3
52 81
17 83
37 37
82 80
71 4
55 15
38 24
78 47
73 7
58 57
22 13
96 85
67 91
60 70
11 79
25 63
60 42
46 97
80 80
29 3
84 37
18 23
61 48
22 34
8 33
43 30
46 92
16 65
83 28
35 94
7 60
57 19
55 56
17 35
36 98
90 73
35 60
48 48
9 22
83 17
55 78
99 53
70 67
19 53
95 6
99 54
67 9
74 74
65 43
61 53
41 51
78 29
11 26
77 20
49 12
89 56
43 89
10 13
56 29
19 4
87 18
58 6
79 32
80 44
27 41
50 21
92 80
50 4
7 79
76 8
44 18
64 87
7 26
52 15
7 71
19 95
42 30
1 21
14 82
18 42
23 20
63 68
0 13
24 59
44 52
19 88
70 36
75 29
62 28
45 70
51 16
65 93
46 66
67 61
0 85
55 24
5 18
44 57
83 68
17 27
72 36
68 43
72 95
72 35
23 69
5 27
86 22
72 84
88 39
97 41
24 52
65 81
70 61
39 5
81 56
33 53
44 53
96 17
48 21
4 24
90 61
51 28
83 23
13 23
63 10
64 39
15 81
73 37
42 64
43 75
72 28
29 16
81 77
85 81
98 89
5 89
50 56
17 85
32 82
61 95
45 25
86 60
59 59
49 53
75 92
29 47
72 10
64 5
87 1
87 86
91 92
27 93
1 96
79 33
79 92
80 76
17 66
36 28
78 37
82 53
30 63
53 54
73 69
60 60
70 99
98 13
43 77
7 44
74 38
77 5
30 57
81 99
76 69
28 54
6 62
59 88
25 12
95 98
33 7
10 4
6 9
17 49
38 76
94 64
14 23
69 96
33 2
48 9
23 76
15 82
90 26
22 15
91 17
65 24
76 75
28 82
36 98
84 75
74 78
39 41
53 61
37 38
15 85
47 91
13 14
73 55
93 47
70 84
17 87
8 93
63 89
28 51
39 12
26 13
90 18
54 95
79 44
34 46
81 33
37 47
0 62
2 93
10 25
77 79
12 37
72 27
78 0
79 17
12 57
83 54
75 89
2 6
85 36
53 67
21 90
66 21
53 68
14 15
45 43
94 10
33 18
37 63
71 68
33 83
26 16
90 1
57 92
8 43
80 61
62 53
3 28
75 8
48 41
23 46
37 69
56 22
88 45
85 11
14 18
94 40
86 36
41 44
80 1
39 12
14 1
66 18
81 93
26 81
34 2
27 71
23 83
45 63
29 31
74 43
1 21
35 88
57 76
84 90
30 23
2 44
76 68
62 57
61 41
38 48
43 66
71 18
1 17
82 82
48 56
77 49
77 12
89 87
41 73
77 71
48 79
15 24
0 30
81 61
71 72
61 66
90 33
84 91
50 18
74 50
75 3
51 52
16 41
39 9
14 68
80 63
48 47
39 48
77 21
61 0
93 23
18 83
8 55
26 58
73 52
60 48
56 11
53 24
52 44
33 19
13 65
34 13
64 73
13 94
94 74
94 39
49 65
74 57
20 53
67 93
5 27
94 13
39 99
89 43
43 22
62 8
39 96
21 4
22 34
98 68
61 44
60 62
61 86
72 81
39 39
27 97
19 73
10 10
72 52
53 67
74 68
76 66
16 49
22 38
36 20
7 97
16 67
11 78
53 83
11 45
75 90
42 94
63 4
4 87
56 9
55 83
77 31
49 94
80 71
32 16
43 91
65 11
58 77
41 64
12 5
9 87
95 3
81 59
7 37
98 64
47 53
99 76
84 48
70 17
71 55
85 66
46 3
29 57
32 71
73 44
76 34
84 71
37 65
82 44
55 81
60 54
86 59
30 23
59 1
40 82
8 77
0 6
80 30
15 12
1 88
9 29
22 93
52 59
10 35
56 17
68 68
71 6
80 2
29 91
55 21
26 63
99 26
69 31
56 85
44 9
25 5
38 0
98 91
59 60
78 67
78 98
88 49
4 68
3 34
11 58
55 37
73 54
64 95
38 20
32 34
82 57
39 20
57 89
11 69
49 41
88 79
39 76
29 44
44 32
30 56
43 85
45 16
92 9
11 30
82 43
64 64
53 55
84 10
44 48
79 45
41 20
25 81
96 6
77 93
38 7
1 33
92 46
50 36
56 61
18 90
57 34
54 10
89 38
20 85
38 52
31 80
24 8
13 20
14 90
13 4
97 66
38 41
13 88
30 21
1 48
11 10
83 65
20 24
55 93
10 46
97 93
26 21
1 91
41 15
81 7
19 30
73 57
23 38
97 5
59 51
54 22
61 89
87 82
65 95
27 75
41 24
68 19
97 21
10 90
36 43
97 8
25 23
17 48
13 15
54 73
18 60
95 79
1 35
13 66
30 40
94 71
16 14
42 13
36 52
4 24
47 53
32 72
76 2
20 90
17 26
15 87
38 62
66 39
97 80
58 79
20 52
2 37
66 44
2 54
48 6
79 95
60 11
67 88
65 40
30 34
18 97
21 57
60 88
48 9
20 6
89 40
58 91
29 77
88 32
31 36
90 10
32 50
74 51
91 39
43 21
74 62
19 95
71 31
35 19
40 55
78 29
48 88
73 77
65 61
61 97
97 52
59 81
54 85
85 45
25 28
19 51
42 90
98 65
21 34
37 61
41 15
43 89
3 16
19 21
77 32
70 26
84 29
60 91
15 45
36 92
25 7
95 20
97 93
37 18
79 74
32 73
41 75
62 97
43 33
18 72
66 88
98 50
69 10
93 36
7 30
80 85
89 75
5 87
21 94
57 52
69 89
25 62
16 88
59 11
21 77
83 39
17 34
90 39
44 83
27 4
65 8
89 55
83 94
94 56
40 51
9 9
93 34
72 61
74 31
73 48
61 8
87 30
42 29
21 39
65 49
43 82
57 32
37 92
78 83
1 18
87 10
80 32
96 52
93 71
35 18
19 48
27 58
31 21
88 52
60 5
53 55
87 10
39 77
55 17
60 56
88 47
18 68
31 14
72 25
85 59
95 56
60 74
67 43
96 55
95 8
60 1
64 47
63 3
24 18
73 37
26 61
36 44
81 68
59 5
45 96
64 40
53 76
15 20
19 63
27 67
71 39
68 87
38 31
43 15
2 16
52 28
29 40
73 10
8 84
67 53
80 31
46 85
60 13
57 79
28 36
46 99
75 66
39 14
50 82
29 52
98 33
80 79
73 5
41 82
41 8
87 22
91 85
59 51
50 17
83 78
53 29
30 81
48 69
95 98
51 76
50 1
61 82
32 34
40 73
68 81
81 8
55 72
93 67
76 96
84 59
74 89
40 4
22 88
25 69
38 76
45 88
29 6
23 61
93 15
34 61
48 67
21 4
92 15
71 68
63 7
79 37
48 19
94 71
60 19
40 98
48 38
87 29
96 62
91 89
77 77
3 25
97 24
81 89
91 4
9 54
63 88
44 12
7 38
35 67
9 27
66 9
17 5
39 14
19 82
55 96
11 58
73 8
83 55
49 26
59 58
81 23
98 25
87 58
15 74
25 76
53 43
86 71
0 25
37 19
7 92
67 18
51 41
79 86
48 28
12 59
39 45
34 37
22 21
95 89
47 73
66 53
68 52
24 21
29 13
40 88
5 60
58 8
53 37
46 1
66 11
60 57
56 95
94 31
68 90
20 68
63 38
21 83
42 97
4 71
10 97
11 15
57 70
76 10
7 22
63 25
33 75
82 42
70 77
73 91
19 45
59 34
36 32
17 78
29 22
2 39
19 13
6 76
83 82
38 43
57 53
68 90
28 3
84 51
32 9
42 51
55 53
85 91
85 54
21 66
76 23
57 95
37 63
23 20
98 13
15 7
18 84
97 47
39 34
98 71
43 92
74 98
45 11
41 82
65 63
48 94
86 57
41 75
72 17
48 70
30 63
77 49
99 27
48 38
61 98
61 56
90 87
7 35
98 48
69 16
63 69
10 2
26 3
29 98
20 77
21 3
93 98
4 92
77 52
83 90
50 96
47 40
84 6
27 34
6 96
50 70
65 12
24 43
16 53
41 36
31 62
39 24
13 43
68 42
47 3
33 97
0 32
89 36
90 16
70 96
64 73
66 81
85 42
24 53
96 18
90 79
80 81
55 45
77 75
88 24
79 73
74 79
57 63
15 47
32 37
43 96
10 62
30 96
56 6
49 52
24 91
83 57
25 38
54 2
14 42
78 93
67 52
24 76
68 91
23 0
28 19
48 91
33 30
87 89
37 88
94 13
32 77
22 57
16 77
11 82
71 41
27 39
94 51
15 62
94 91
14 74
10 62
65 95
45 4
84 82
45 78
47 77
56 70
86 24
47 49
58 18
90 85
9 84
36 25
98 82
68 64
56 30
27 22
25 72
26 9
6 71
40 53
0 48
23 86
24 22
87 82
41 78
67 50
14 55
27 13
37 95
77 45
25 56
67 2
80 46
64 38
69 4
92 70
4 67
8 28
90 96
62 83
74 29
85 88
36 65
53 25
60 31
70 38
39 90
92 72
36 56
10 5
12 54
27 16
22 36
96 12
32 58
47 58
87 32
46 75
97 0
0 10
83 23
0 74
13 92
46 1
49 9
58 61
63 86
30 85
74 26
49 6
85 96
64 24
81 62
0 78
14 52
40 49
75 40
24 40
33 22
41 34
31 52
47 95
38 29
32 12
56 82
70 41
30 86
17 11
48 69
42 63
22 82
12 49
23 88
42 8
63 83
94 94
35 93
41 25
23 74
89 79
56 59
72 38
45 41
50 46
11 44
61 85
26 25
86 1
14 28
9 77
12 55
23 99
49 65
77 24
39 18
3 47
78 27
85 75
20 87
73 31
83 34
68 10
60 55
11 26
83 73
55 47
28 30
99 29
95 76
53 86
46 8
33 24
87 71
52 8
10 77
91 94
64 60
56 76
15 19
2 50
92 9
98 73
39 97
54 87
25 8
73 71
68 7
48 56
30 52
64 92
81 7
38 45
67 94
21 34
66 75
85 10
84 35
83 76
84 90
63 61
98 36
32 66
95 32
74 77
36 90
70 18
98 8
63 17
55 37
4 21
12 89
31 49
76 67
77 60
57 40
21 7
28 5
25 76
90 0
53 26
42 75
96 40
36 12
10 91
49 14
64 13
55 47
62 31
66 39
43 75
31 16
82 12
21 60
88 63
12 93
42 54
69 38
47 5
2 57
48 51
71 64
17 78
63 79
9 30
71 4
5 54
20 40
66 93
0 54
57 12
0 51
18 69
41 65
26 44
22 26
47 45
90 64
23 5
96 84
35 67
88 93
73 60
85 40
54 37
46 63
1 46
66 19
15 7
85 93
51 59
71 51
5 13
15 28
19 63
65 6
30 5
99 56
66 84
96 72
73 42
87 74
89 53
94 56
60 79
2 64
38 73
15 95
87 82
76 6
46 41
12 28
46 64
84 12
0 32
36 74
75 23
48 16
28 94
24 89
73 26
5 64
52 72
59 39
6 35
97 4
28 61
33 75
25 69
39 78
2 76
52 29
51 52
45 80
47 21
21 72
48 78
88 52
50 0
91 8
87 40
13 16
1 46
43 79
67 82
57 21
10 61
50 14
65 47
94 64
69 67
37 69
45 77
21 47
77 64
55 65
4 68
33 57
66 76
36 34
10 93
7 73
6 58
87 72
5 33
36 26
0 25
47 97
3 68
44 32
32 51
49 88
20 82
46 86
10 82
72 21
28 80
94 34
90 33
58 47
66 95
74 66
72 21
15 27
42 59
12 26
10 61
15 82
96 13
21 6
95 45
79 75
25 73
62 67
6 20
15 24
67 41
90 92
14 5
19 8
16 31
35 79
93 2
61 41
15 82
47 62
28 27
38 5
52 52
25 11
72 40
35 92
33 78
84 99
35 55
8 52
87 43
83 32
45 44
73 12
79 72
74 59
51 64
64 4
16 89
67 41
81 2
33 66
80 69
66 68
24 26
20 63
69 55
95 66
99 20
78 78
45 4
37 96
69 54
52 37
95 19
30 29
74 15
47 6
84 13
74 61
39 46
24 60
1 72
78 1
92 56
31 37
13 21
86 34
27 38
23 74
10 54
3 84
69 3
90 54
16 17
67 8
63 91
20 65
63 99
18 8
7 49
45 72
22 31
6 1
22 30
76 84
84 31
68 5
34 10
11 3
27 78
11 91
70 83
8 85
82 26
93 42
27 91
14 50
74 73
3 96
3 79
80 39
11 0
44 45
63 8
48 90
86 11
33 8
95 93
94 29
19 87
23 99
78 38
1 53
11 4
1 66
84 34
57 95
34 53
92 97
61 41
40 0
4 25
8 51
19 54
81 90
94 56
89 24
94 90
77 57
95 31
75 79
65 32
26 51
38 18
1 99
11 41
99 16
66 60
67 85
14 0
28 60
57 17
85 3
8 14
13 3
45 40
34 62
73 12
14 11
82 15
62 94
56 14
62 74
26 81
12 40
34 40
1 43
57 86
98 17
0 11
72 98
52 58
60 77
70 26
40 53
41 2
99 49
68 13
76 94
94 88
87 80
80 40
23 37
78 22
7 30
85 79
28 37
38 41
66 8
67 6
13 9
61 64
10 29
77 86
24 24
26 11
4 6
3 28
96 81
2 3
11 87
34 40
77 72
81 43
33 0
50 98
61 63
63 72
92 40
10 68
64 37
31 69
95 34
49 91
15 51
46 79
90 81
19 19
53 52
63 38
52 65
37 66
28 0
38 72
40 48
93 5
37 24
26 33
11 75
24 78
78 71
57 20
4 76
40 57
80 3
96 85
20 85
51 0
85 41
72 25
89 65
82 79
42 8
12 53
35 88
31 65
11 89
86 15
17 26
25 50
81 73
35 53
58 38
53 43
79 77
20 20
95 3
99 37
63 11
42 99
52 25
64 63
66 2
31 36
28 56
86 61
29 73
14 39
11 19
82 90
97 54
10 44
9 10
81 73
73 75
24 77
0 40
93 19
43 24
55 23
32 41
85 61
14 51
52 77
23 86
67 72
40 29
16 50
39 97
75 65
24 99
42 76
39 35
95 34
11 50
58 43
43 95
56 9
98 8
86 21
94 5
93 87
35 9
89 26
58 64
91 82
15 86
11 6
73 6
41 85
9 51
28 52
46 85
14 44
45 0
66 40
58 11
79 93
21 68
19 31
84 11
66 99
49 77
57 22
83 98
7 44
49 88
49 47
25 63
92 70
15 10
62 73
21 41
66 94
61 86
26 45
49 92
96 50
21 54
72 56
4 32
1 6
20 50
53 45
65 45
67 80
7 30
54 29
71 72
23 85
10 1
30 11
45 27
61 66
33 34
23 37
18 24
43 38
26 97
35 91
94 2
71 2
32 77
83 56
2 58
41 12
60 23
76 5
2 37
24 35
23 47
25 93
71 68
31 97
17 18
88 64
21 11
66 5
41 1
13 43
59 6
7 71
30 35
29 84
73 53
72 48
0 97
42 23
65 25
72 35
96 12
99 17
75 17
74 16
70 88
11 29
94 19
53 76
54 34
61 79
87 33
80 39
82 74
14 99
51 86
34 47
50 85
64 25
2 91
94 72
79 5
54 25
76 59
54 83
93 67
14 32
52 94
23 34
20 37
33 72
75 20
19 77
5 36
2 60
27 96
84 58
54 90
35 30
49 41
13 94
8 28
26 60
74 1
46 95
90 32
67 17
52 38
94 57
74 49
69 53
97 54
11 51
44 99
34 46
40 99
40 49
27 67
61 54
68 60
49 59
92 68
76 44
6 23
53 81
72 23
34 69
29 98
73 25
49 7
71 89
6 64
90 86
31 4
40 51
64 41
62 56
61 91
0 67
66 5
0 38
80 87
59 9
37 84
87 86
43 10
27 2
74 18
88 57
22 80
61 86
73 23
94 34
66 46
53 32
51 54
22 32
93 34
93 30
18 80
68 62
91 95
64 65
13 4
23 87
36 84
25 9
59 19
95 78
65 48
10 69
54 85
1 47
19 94
29 89
75 97
51 66
93 67
83 58
23 58
46 59
42 71
20 54
43 15
32 60
16 94
29 70
79 30
70 50
77 99
40 52
97 91
70 42
11 5
0 34
64 46
94 6
70 66
12 13
82 44
73 98
39 3
68 70
85 38
21 62
90 61
66 39
4 36
81 67
42 81
54 6
28 0
64 50
66 77
63 48
73 88
98 12
43 19
35 29
9 8
91 99
21 58
38 77
46 19
45 40
53 99
98 33
99 63
83 17
92 98
66 65
86 16
30 30
35 65
59 45
73 2
96 46
12 35
23 59
6 68
99 59
19 98
92 70
13 27
88 5
25 6
22 12
22 52
42 10
69 53
55 94
7 3
40 20
38 64
31 97
84 82
8 56
32 53
26 97
80 66
54 6
24 77
18 99
29 12
9 51
17 16
45 76
19 86
96 10
50 79
59 86
14 67
42 46
20 21
44 1
39 98
7 64
27 77
63 57
41 24
8 10
92 5
86 11
91 35
73 93
66 32
80 80
0 74
79 72
95 23
73 35
73 32
51 1
61 66
10 54
90 70
16 82
75 55
45 19
42 71
12 8
3 44
41 55
71 20
80 66
95 53
53 68
38 56
21 51
22 83
58 64
53 74
46 81
29 44
0 71
15 64
32 70
61 73
26 32
93 6
50 88
11 56
8 1
12 82
53 87
65 11
51 19
37 50
52 67
94 4
90 9
68 22
79 29
47 57
61 92
15 64
80 79
20 41
80 32
23 85
19 88
48 71
59 86
73 11
5 67
15 47
28 36
70 7
17 69
17 31
62 84
95 94
63 15
35 96
99 58
81 19
99 82
42 58
68 67
22 25
34 89
72 62
25 94
21 43
64 90
26 26
75 21
72 38
36 8
86 35
18 68
6 17
2 0
28 22
67 50
47 53
39 71
15 17
66 89
12 82
79 38
8 6
59 80
45 47
40 83
34 59
3 93
28 5
45 56
27 65
6 26
70 98
98 86
15 64
27 79
46 58
17 6
65 28
38 10
27 31
93 13
90 97
58 18
54 4
75 82
21 33
60 91
31 58
29 98
74 56
77 20
15 46
78 80
26 69
42 5
0 87
19 42
36 77
12 43
33 87
25 6
73 85
98 4
96 79
3 70
88 32
43 55
31 21
35 57
42 29
15 42
68 34
84 57
63 97
0 49
36 77
55 9
14 5
66 10
85 21
33 25
53 76
80 84
49 67
94 92
96 9
86 16
95 71
73 58
20 73
59 8
50 67
70 17
72 36
27 9
57 60
34 62
88 14
99 38
81 93
30 29
54 16
98 49
39 71
59 11
97 19
72 99
86 42
16 10
78 96
72 87
56 6
49 45
73 48
35 6
93 17
36 47
85 34
48 25
57 8
88 54
79 60
6 17
54 22
27 84
18 99
71 27
58 73
24 31
73 59
89 67
76 77
66 61
63 15
38 21
75 79
27 54
39 33
71 46
8 50
30 78
2 2
5 60
27 81
43 0
40 32
19 68
10 38
30 73
5 20
46 80
99 26
86 91
59 9
37 19
59 67
98 61
21 55
73 48
37 16
1 29
1 20
98 63
58 80
88 63
0 87
95 52
13 81
43 24
90 32
44 2
51 94
63 73
49 89
73 38
57 74
20 58
95 18
73 5
50 14
21 2
1 16
54 14
50 49
38 92
33 34
94 85
80 58
10 82
99 83
20 56
10 40
67 57
10 40
62 12
6 35
15 7
4 21
73 54
71 64
46 4
98 93
41 79
3 51
13 2
87 33
58 97
26 25
54 88
18 68
1 24
56 16
84 60
37 57
66 60
21 64
17 72
57 58
51 60
62 16
62 49
49 73
46 27
50 52
68 20
72 69
97 28
37 81
88 26
38 6
39 60
71 56
32 80
14 35
93 76
3 7
77 4
80 75
32 83
27 52
3 52
21 52
80 10
33 21
88 24
27 27
36 50
83 20
83 50
7 76
26 10
83 56
14 16
31 98
51 11
50 6
63 71
59 43
33 44
16 22
68 96
49 4
98 33
76 81
83 83
9 61
93 45
17 8
13 1
58 64
12 9
70 75
32 81
70 66
26 87
88 46
83 89
51 81
74 79
15 9
63 24
71 8
21 40
16 34
41 75
98 5
36 21
80 68
54 51
34 80
90 74
27 73
16 30
6 90
9 73
0 24
98 23
33 19
15 1
6 9
28 4
14 64
77 47
33 32
98 19
64 88
94 43
13 62
73 71
52 35
45 4
59 95
27 92
66 43
94 72
52 22
29 18
39 6
65 72
90 15
91 7
55 37
50 68
99 76
92 4
11 37
8 22
32 88
67 98
83 13
71 35
87 52
5 26
58 71
50 1
86 42
8 42
31 10
62 83
86 54
87 49
43 47
24 75
35 91
26 18
56 49
5 43
1 63
22 11
34 72
64 72
14 72
66 98
35 29
81 21
35 20
23 79
19 47
54 55
38 32
25 94
81 83
89 82
46 11
46 32
84 10
4 50
35 71
48 70
52 81
43 87
1 66
66 73
13 73
28 3
5 5
49 87
40 39
21 86
50 19
70 86
30 27
37 65
50 37
35 2
19 78
89 72
97 8
45 10
81 25
14 86
83 63
25 23
54 99
62 5
18 32
43 48
11 80
65 61
70 52
63 41
83 5
65 80
13 11
90 94
88 56
32 23
72 10
47 26
9 61
83 79
93 27
80 5
59 45
66 29
98 82
70 33
87 88
13 0
51 55
46 39
64 78
63 36
88 62
62 49
23 46
29 68
25 9
25 84
6 44
66 56
26 88
89 65
76 54
65 27
10 11
19 74
41 34
10 82
96 24
31 71
22 12
39 47
21 17
32 80
61 50
36 39
38 78
4 15
32 21
94 94
84 13
68 25
47 30
7 95
7 91
66 29
3 58
77 25
75 61
57 36
63 93
27 1
23 31
68 56
4 63
50 88
76 71
65 76
53 73
71 60
64 38
42 67
96 71
44 71
84 53
59 47
99 86
48 22
69 69
78 25
32 81
13 60
4 78
88 57
3 60
70 19
98 12
39 46
35 83
69 19
89 80
66 88
18 66
10 87
35 41
64 19
74 77
32 78
7 20
87 63
80 9
82 30
73 21
28 8
57 97
27 46
77 93
86 95
12 96
34 47
89 98
19 63
27 51
93 87
71 33
50 4
42 32
34 16
6 63
24 15
12 52
61 42
97 47
37 9
95 24
9 85
74 28
0 54
31 94
41 2
27 43
58 21
27 93
37 33
8 62
48 72
66 61
14 15
60 4
25 8
28 86
45 54
14 45
8 97
91 1
99 70
44 58
92 72
3 81
57 63
95 58
87 61
71 2
29 84
6 54
92 86
92 37
92 58
82 1
55 26
54 54
96 99
64 40
23 19
22 32
34 69
90 22
31 14
24 12
98 82
18 90
20 10
27 12
68 61
65 23
39 72
29 36
71 94
28 46
65 2
30 52
72 73
74 55
87 50
67 85
84 85
27 4
95 6
68 63
67 86
38 7
58 67
95 81
13 75
79 31
78 9
83 2
82 57
57 69
59 76
6 43
13 33
99 8
39 19
23 59
5 61
18 63
80 65
44 94
40 75
25 70
85 8
24 67
17 33
89 76
9 95
71 22
81 70
82 20
89 57
31 47
70 49
62 51
14 59
97 7
34 22
29 19
82 54
87 51
87 28
79 49
75 50
23 56
72 6
29 13
63 60
60 86
62 23
37 28
82 34
87 16
8 17
88 42
23 27
93 10
55 72
11 30
74 35
87 46
41 68
59 56
28 72
42 42
47 31
71 29
17 58
97 25
27 37
19 50
64 64
13 71
88 24
2 62
59 41
60 52
9 20
9 89
44 3
84 91
35 55
72 52
65 21
30 45
59 49
47 75
66 60
47 54
85 1
69 96
42 29
49 3
1 10
44 45
13 28
88 48
35 60
1 53
34 83
98 93
32 45
20 50
58 67
5 95
68 74
91 62
55 40
65 57
50 62
54 16
90 95
64 78
7 17
31 41
0 29
86 85
26 7
35 84
74 40
79 95
66 23
57 74
15 75
83 18
89 89
34 79
84 98
57 92
16 40
33 68
21 20
53 48
79 89
84 5
81 16
0 0
39 10
74 54
37 57
72 26
46 6
57 83
57 67
75 25
7 8
93 29
80 47
29 59
88 65
65 69
33 17
21 72
27 95
79 16
4 3
42 3
62 0
86 71
19 61
96 78
21 41
7 54
40 88
65 28
6 82
50 39
0 71
64 79
19 95
48 23
50 90
26 12
42 64
35 61
77 83
40 99
25 99
5 65
40 22
46 98
5 96
37 57
19 53
88 38
48 36
14 99
79 40
63 21
57 51
35 34
34 27
85 59
78 90
77 70
13 75
68 70
23 58
79 42
11 67
33 12
4 47
63 83
87 26
56 96
29 43
31 64
70 16
75 1
59 52
71 24
27 40
94 50
98 73
45 61
92 78
73 48
25 36
83 64
15 40
61 44
35 44
8 58
60 36
59 19
40 82
95 20
74 89
22 72
14 67
86 59
97 59
7 22
96 91
39 63
83 0
7 18
96 68
76 56
4 87
28 44
70 23
16 44
65 39
69 31
6 55
90 4
66 98
78 62
89 17
77 24
69 85
42 65
5 71
74 61
58 2
57 80
77 74
25 42
13 94
74 71
49 16
27 67
14 6
30 55
75 59
79 97
44 74
14 1
97 88
62 7
42 20
88 20
94 13
14 59
59 40
30 60
57 58
27 23
16 57
79 91
69 10
40 13
36 55
67 33
43 29
41 38
49 81
58 95
94 24
54 53
17 85
13 74
95 40
49 11
50 28
54 19
91 95
84 79
50 51
13 45
81 6
83 82
39 93
78 33
18 84
38 35
21 51
61 16
43 10
79 93
91 86
64 34
81 1
13 83
52 78
80 85
36 64
20 75
9 50
60 27
34 98
14 8
1 27
24 45
90 56
90 81
42 7
67 75
8 80
58 60
11 90
98 47
54 18
75 64
68 35
43 54
86 10
62 87
89 39
32 79
47 75
12 89
82 79
16 90
12 26
2 75
16 0
74 23
70 49
87 90
37 82
97 23
44 59
10 86
50 95
65 97
70 30
38 4
61 54
94 73
80 48
0 97
1 75
20 71
76 59
14 13
93 11
88 90
22 51
76 73
98 41
22 20
71 61
24 33
15 70
58 96
18 59
93 19
86 13
43 62
24 57
28 17
20 16
7 94
19 83
19 17
77 42
37 0
3 13
85 70
83 96
66 2
7 11
73 93
76 16
55 0
25 35
70 97
4 77
44 23
13 63
93 90
5 82
42 60
96 28
83 31
24 49
85 31
13 59
76 89
27 83
42 5
19 12
54 23
41 98
98 54
62 43
96 19
26 39
32 74
19 15
5 95
16 91
78 29
50 54
71 29
37 65
86 56
77 41
31 70
39 82
77 53
25 73
25 51
64 57
25 35
24 83
30 40
74 8
22 76
14 93
5 52
58 44
60 87
85 44
9 76
26 86
30 3
12 55
7 28
64 84
64 88
67 46
28 41
7 50
69 21
95 27
73 5
71 86
44 56
82 54
84 8
40 14
63 52
21 70
81 37
55 97
25 22
43 6
16 2
8 37
24 4
64 49
61 35
87 6
43 69
60 28
77 0
94 93
5 68
63 38
5 70
35 31
45 30
89 13
33 97
50 9
1 15
58 15
2 46
21 46
15 81
26 45
81 72
90 86
92 53
24 98
24 11
81 21
42 70
34 27
67 84
36 21
51 46
36 54
44 9
52 12
90 30
9 71
2 99
10 95
4 86
45 80
98 26
1 92
48 35
71 67
72 59
40 23
57 76
77 2
85 81
66 27
11 75
51 66
74 61
13 30
99 58
11 49
36 12
93 84
0 64
3 72
23 44
47 81
72 77
35 58
58 1
37 22
28 88
88 54
49 53
84 1
63 95
50 99
60 44
35 60
60 38
84 36
82 83
17 55
60 4
65 19
57 2
93 85
91 33
39 92
86 75
45 49
71 96
0 83
92 87
43 52
25 79
88 60
62 57
67 75
61 84
94 70
38 39
55 81
72 46
74 10
22 19
11 45
67 11
28 59
50 23
12 75
54 52
87 16
10 6
91 23
90 37
94 29
28 49
10 0
48 36
62 70
8 73
15 75
36 95
87 86
18 51
14 72
3 1
40 13
60 84
89 50
21 83
31 2
84 42
2 32
30 17
54 38
90 21
66 79
16 53
65 86
56 79
58 59
33 51
25 93
35 14
95 8
49 27
10 33
69 65
18 99
82 72
90 24
94 56
3 62
61 69
49 17
0 59
28 33
10 5
78 45
71 74
54 20
1 64
6 22
81 24
73 63
48 63
88 42
19 91
57 80
12 6
49 13
65 78
98 76
83 77
21 55
51 27
75 4
44 33
26 25
57 99
89 6
63 29
0 34
72 57
15 85
63 64
98 81
42 96
57 78
25 30
33 76
58 60
32 2
94 58
27 3
10 68
9 73
97 62
7 70
19 74
7 35
91 57
16 33
5 25
63 31
55 96
59 65
9 92
67 55
2 47
58 12
67 20
85 17
34 45
39 53
19 46
40 10
3 8
96 8
33 11
91 89
60 51
54 69
95 74
76 97
73 86
10 40
6 47
9 40
44 48
46 64
94 38
26 49
47 74
58 80
38 49
21 98
52 28
19 47
54 95
45 27
81 7
19 40
54 29
32 51
77 78
15 24
69 93
73 16
20 83
96 58
85 70
8 37
98 27
37 52
22 34
31 55
41 2
95 47
31 28
98 61
58 65
85 27
11 10
43 83
94 92
93 79
62 1
68 12
28 57
16 2
91 47
57 84
1 5
32 33
33 82
46 91
0 83
71 63
93 66
46 39
10 39
70 72
92 91
36 72
48 52
26 40
51 83
24 53
40 8
38 73
43 36
17 43
19 40
6 64
6 4
56 17
95 26
41 87
17 78
11 66
82 37
6 86
72 82
91 13
91 29
86 34
17 55
29 36
95 35
52 2
91 8
71 86
35 12
25 4
42 36
70 77
73 28
63 45
11 54
58 54
35 97
88 52
52 69
40 48
4 92
2 47
1 73
33 88
37 58
92 80
46 15
57 19
43 20
16 6
26 27
60 61
24 0
65 76
69 5
76 25
49 30
72 2
55 57
42 93
67 35
73 13
2 30
84 97
2 1
4 28
28 16
41 4
17 58
32 86
63 9
12 64
91 36
67 47
94 9
40 13
96 13
27 98
95 63
48 97
64 52
77 44
68 70
48 85
28 81
24 43
42 88
7 33
76 74
32 70
36 72
36 32
37 63
83 84
26 31
33 43
35 10
39 3
32 40
41 60
73 17
3 15
5 11
0 33
37 85
56 25
57 92
58 47
55 93
31 33
76 17
28 11
27 20
66 60
60 59
72 33
76 28
0 33
39 0
19 28
85 75
54 95
67 64
94 74
9 77
59 85
94 88
48 74
8 66
86 20
26 58
53 54
86 5
40 77
5 59
58 43
34 64
90 53
28 36
27 37
13 86
74 60
26 74
34 86
40 72
6 66
82 11
73 69
16 65
98 74
24 8
69 10
72 11
63 0
47 42
89 12
80 15
24 7
89 58
93 30
82 52
48 65
63 73
86 32
38 84
58 14
45 27
24 17
90 39
70 37
33 59
1 14
27 26
21 16
36 66
98 19
18 99
36 34
72 22
18 11
58 76
25 3
55 2
21 45
93 91
34 27
2 35
93 29
13 14
98 2
32 48
73 3
47 9
89 20
83 7
83 41
35 60
97 90
62 18
87 8
61 21
87 15
8 80
97 74
46 47
76 78
95 1
33 95
10 22
67 93
81 50
86 16
62 83
58 77
53 45
85 66
18 72
34 27
4 31
1 2
78 29
32 25
30 66
20 92
40 39
37 22
89 23
90 4
59 1
81 64
46 66
83 17
90 17
44 46
0 97
48 30
26 80
55 8
46 28
0 87
67 37
61 9
12 51
13 71
4 94
88 3
60 23
20 2
40 64
48 92
13 48
22 91
28 77
99 27
5 99
66 25
88 79
34 0
82 47
24 87
41 64
90 53
87 10
7 79
26 7
71 91
55 93
82 35
70 81
14 28
32 80
53 20
11 87
72 94
86 96
81 27
