1000
57 88
19 53
56 12
9 74
56 89
44 39
96 41
92 16
80 11
55 6
73 77
54 56
75 4
98 66
50 2
24 8
90 95
61 99
59 22
73 15
11 69
54 60
62 98
28 43
62 35
49 87
12 55
95 39
59 93
5 61
95 81
69 38
76 83
37 35
57 62
2 69
83 8
81 45
59 61
40 73
96 41
60 60
96 8
99 55
1 57
69 49
90 90
39 19
73 76
6 31
90 61
52 73
21 85
70 80
46 11
5 42
52 66
54 1
74 5
8 27
14 77
28 5
68 67
76 93
95 82
76 85
43 80
10 17
65 33
97 11
44 3
5 48
21 11
1 47
17 10
26 31
39 55
88 7
74 64
53 70
99 29
7 94
62 70
11 27
3 9
91 99
64 48
99 37
60 1
84 29
63 62
12 2
69 1
62 44
17 15
66 16
96 25
11 58
95 22
38 50
83 81
49 99
81 1
36 41
2 72
22 17
87 35
19 56
88 81
52 5
48 18
22 45
44 33
55 91
7 45
42 43
78 43
42 60
44 31
53 98
55 76
15 42
63 87
99 51
68 3
56 17
22 78
14 18
63 21
61 71
19 3
66 97
99 8
57 95
39 11
94 95
39 61
89 2
48 40
53 17
44 9
86 66
40 52
36 3
73 97
26 44
53 92
42 4
53 99
99 44
62 93
91 1
7 81
3 55
21 8
24 65
18 62
83 58
14 71
13 40
21 92
84 74
36 26
78 89
78 29
34 40
75 25
42 82
58 97
37 80
6 62
97 76
24 33
86 91
56 99
31 77
43 67
51 80
46 81
69 24
11 55
16 38
33 58
20 91
8 57
23 14
71 73
42 48
6 28
91 62
79 22
92 23
41 43
3 87
77 24
63 40
32 80
78 65
38 98
56 98
7 80
64 31
5 6
31 11
34 22
25 66
96 17
89 37
13 44
77 42
20 40
34 52
20 12
17 11
62 26
9 21
58 26
4 63
32 35
26 19
57 3
85 5
73 26
95 38
70 72
80 90
12 66
95 85
78 64
48 92
90 9
65 0
35 70
15 20
5 41
39 15
45 76
72 70
2 67
8 24
39 40
66 4
6 61
41 36
78 89
28 20
98 45
21 34
15 36
6 73
30 97
40 27
73 12
97 27
80 5
51 71
97 69
75 3
31 16
39 61
57 19
81 56
64 2
42 80
91 48
5 21
97 45
48 70
57 45
97 89
2 0
61 99
69 88
54 52
57 93
13 14
64 95
22 28
49 16
60 40
16 65
13 13
10 61
83 20
58 32
9 12
32 22
63 54
11 17
58 68
62 72
34 26
19 57
7 20
73 67
13 90
85 26
3 47
40 39
67 50
71 29
15 56
3 78
62 14
48 20
34 62
44 69
41 15
78 48
36 51
67 49
93 4
27 49
52 67
88 71
70 11
0 85
67 4
15 81
70 63
2 57
78 46
26 19
62 4
19 50
7 38
99 53
43 78
2 95
98 90
66 68
53 19
5 73
75 20
54 45
36 56
2 14
55 80
33 17
36 4
19 44
42 70
97 85
48 99
80 46
41 99
66 94
18 71
67 93
44 22
90 80
30 93
94 85
25 79
54 62
83 25
58 77
95 55
63 44
6 95
42 99
94 61
45 12
84 65
5 28
39 96
8 69
41 54
7 66
85 13
28 20
39 38
98 34
45 13
30 3
8 73
2 3
86 0
15 70
65 73
99 4
21 59
25 62
66 84
80 51
98 61
24 89
99 22
23 45
87 6
48 95
31 3
50 17
3 66
87 68
91 38
24 12
98 1
26 16
86 6
19 36
67 43
25 67
17 0
12 4
6 12
52 37
15 2
54 18
68 94
38 11
32 14
75 82
16 1
98 2
8 18
38 75
13 15
94 31
15 58
35 22
71 87
11 86
90 18
5 10
64 95
74 96
10 49
31 78
51 81
80 11
51 70
38 65
37 33
96 52
91 83
26 62
23 38
49 65
8 6
27 72
1 1
20 63
3 3
41 6
85 73
17 36
95 55
1 32
88 49
85 32
85 63
94 8
1 95
25 61
1 52
33 55
6 6
70 9
9 12
67 94
37 84
83 33
39 36
65 80
86 2
12 71
66 6
31 19
54 56
81 55
8 66
62 66
72 33
27 34
97 94
28 34
78 63
19 70
0 85
50 86
39 14
9 5
72 40
25 26
96 58
34 56
76 96
75 49
81 2
35 30
49 63
17 79
79 36
49 79
73 51
65 13
65 74
70 38
66 95
64 62
5 50
70 82
47 45
83 80
0 18
63 49
33 80
80 12
16 30
91 42
33 8
55 51
82 25
41 0
73 57
14 30
8 85
12 7
82 95
87 82
65 50
83 99
82 64
11 99
46 55
93 31
63 48
82 98
25 23
98 50
81 13
81 41
50 45
48 32
41 35
67 6
38 2
57 20
18 21
71 16
76 64
48 91
64 82
89 42
6 88
92 39
53 25
32 3
71 80
87 64
67 54
22 5
57 80
26 27
53 49
44 29
14 92
20 30
74 62
72 32
50 17
23 55
94 55
58 65
87 97
81 55
52 4
60 61
36 38
88 89
88 84
70 54
76 90
36 3
4 61
87 54
30 63
61 24
70 71
42 58
69 23
13 73
79 73
34 15
64 74
56 4
59 26
58 87
69 46
42 73
7 82
80 37
45 41
62 15
13 56
73 34
79 86
7 59
12 93
26 76
67 83
80 78
9 90
18 78
88 60
52 96
94 84
85 39
25 99
7 90
55 80
24 87
19 83
46 83
76 24
11 96
7 91
74 69
33 44
47 21
5 51
69 99
87 55
91 13
6 98
55 62
30 80
49 1
15 47
84 92
71 95
88 31
38 14
0 23
59 99
97 16
3 66
67 90
73 58
55 80
8 11
94 39
43 43
40 58
42 77
2 65
72 90
96 63
5 48
86 16
0 83
32 55
2 99
45 27
10 53
7 18
64 53
9 59
96 50
69 90
27 72
56 51
62 4
14 19
5 1
35 5
36 19
60 38
19 57
66 81
62 25
99 26
79 9
37 27
11 7
18 90
79 26
41 93
30 8
65 87
61 52
92 97
72 4
88 43
14 6
24 76
31 23
55 62
84 92
42 95
51 12
37 82
38 31
76 20
39 93
8 52
45 52
49 69
9 89
12 75
95 36
51 79
12 58
93 48
3 35
96 54
47 33
37 37
64 65
58 55
10 18
7 7
22 9
77 31
50 41
6 46
30 10
77 42
68 70
90 23
58 38
78 5
72 67
43 88
84 53
96 46
23 55
53 45
16 82
77 67
24 35
65 54
97 42
96 18
64 38
41 22
77 71
28 1
90 23
41 26
28 37
72 51
93 26
96 9
60 25
28 84
13 93
38 10
87 86
28 52
77 22
74 6
93 54
59 84
29 0
10 57
38 35
8 83
13 57
44 73
82 25
58 95
18 48
58 6
35 86
58 64
8 84
70 54
39 29
38 68
81 0
78 71
87 38
54 0
95 51
26 30
76 36
25 46
84 83
52 71
22 62
35 82
47 57
36 38
38 26
58 20
27 36
91 66
75 98
67 22
1 45
52 77
81 78
23 65
13 28
37 87
90 24
70 89
34 6
27 72
33 38
44 12
74 88
78 1
86 97
24 39
42 76
68 23
6 91
41 72
71 30
59 14
54 81
3 88
88 83
13 73
73 57
85 47
45 15
1 83
13 77
74 7
5 42
83 12
86 24
36 57
54 47
71 60
29 27
49 17
62 14
90 35
71 27
34 69
42 87
4 7
64 79
15 70
21 98
34 7
22 22
17 28
69 40
88 98
67 89
67 81
3 9
16 27
88 3
48 31
90 4
38 55
83 5
77 57
3 63
16 77
85 33
5 54
74 46
5 93
35 72
75 91
34 43
70 22
98 18
53 89
22 44
96 58
49 25
67 5
88 83
34 73
17 92
27 43
38 32
36 25
57 63
68 91
59 38
13 57
8 19
98 83
63 94
41 64
19 8
21 59
43 56
32 12
0 60
55 38
44 44
15 1
59 84
44 18
74 58
28 83
77 26
66 92
73 59
8 44
19 82
4 62
38 36
75 90
48 82
28 93
26 95
46 38
79 91
56 6
49 36
89 78
63 7
22 36
66 82
80 85
64 84
99 54
73 74
44 21
57 24
66 35
20 13
25 51
4 34
57 5
70 46
35 33
5 57
21 71
39 54
8 4
90 8
10 63
82 55
85 91
79 3
79 99
16 4
3 72
38 60
77 9
59 64
94 64
21 16
88 13
70 96
69 60
4 79
24 39
34 61
30 66
64 61
65 33
66 68
5 4
81 35
65 92
99 60
56 73
76 44
38 98
93 7
10 97
38 86
88 25
47 71
91 64
32 8
49 98
29 54
55 10
89 20
2 41
32 10
66 60
7 4
58 0
11 69
49 1
55 38
26 55
9 17
71 41
26 20
92 55
26 47
17 68
19 71
9 52
81 75
12 88
79 23
40 42
44 42
95 51
80 22
6 41
91 29
