500
31 92
20 26
87 40
10 71
20 16
55 35
80 73
38 28
11 70
44 5
16 67
29 93
65 77
10 17
0 54
64 83
46 84
9 34
77 19
57 49
35 12
84 68
37 22
96 0
92 93
5 60
60 86
53 77
64 16
95 64
70 59
47 17
96 56
3 73
27 60
22 15
24 6
83 61
80 31
13 24
24 18
84 36
4 89
14 20
57 9
84 80
20 83
49 16
91 52
89 19
64 63
34 40
69 69
53 1
0 66
25 25
84 61
13 40
51 27
61 60
88 97
40 9
81 41
25 24
93 67
43 9
30 29
49 52
50 2
53 51
20 79
28 56
40 41
97 43
69 10
4 57
59 96
18 92
38 44
17 83
11 12
45 93
94 94
45 44
49 51
47 21
30 75
78 22
17 27
18 38
89 74
47 48
70 66
41 60
62 10
44 25
22 89
18 68
35 16
13 36
67 60
10 49
88 88
23 57
15 41
95 4
15 94
4 38
60 97
98 74
7 94
99 82
35 70
50 23
86 15
11 5
76 21
6 16
9 29
73 76
23 68
32 90
14 37
28 27
34 27
1 42
73 1
24 9
23 26
32 9
42 95
66 70
17 24
86 78
53 59
55 28
79 87
19 93
76 47
20 11
26 22
5 0
75 81
61 98
7 45
59 49
40 25
71 57
49 57
36 54
16 43
35 47
30 54
41 59
53 61
70 80
35 75
32 62
8 93
60 15
90 19
17 30
96 88
40 97
98 76
4 66
71 39
14 53
93 55
12 46
68 82
78 56
9 62
18 17
55 79
85 97
50 2
28 99
42 68
48 40
96 52
59 67
91 73
72 36
28 85
35 48
67 65
4 29
28 23
98 35
54 83
33 56
37 61
55 80
81 56
72 77
8 83
96 52
56 68
88 84
5 75
85 25
41 89
54 69
64 52
4 70
36 37
27 25
50 34
57 31
90 82
60 51
65 8
3 22
29 43
58 34
71 43
59 12
85 13
33 49
18 89
72 6
79 51
31 29
37 89
13 80
71 25
31 36
34 86
58 63
81 69
97 52
12 57
16 97
22 1
99 40
91 23
46 22
74 30
51 11
19 16
43 42
42 74
30 76
12 41
91 94
10 88
98 22
45 15
72 20
16 23
60 59
46 59
81 20
41 85
83 12
53 27
54 95
53 84
23 66
25 14
12 87
3 10
62 0
77 34
72 46
9 85
57 55
44 39
27 37
76 62
49 29
89 3
77 95
39 0
13 17
67 25
4 22
87 18
22 17
4 47
63 13
32 20
68 28
11 47
65 39
10 14
21 51
69 98
46 60
50 59
77 17
36 34
91 76
52 14
93 57
13 8
70 45
80 91
73 44
38 38
35 0
4 56
52 73
6 98
33 57
10 63
26 98
49 18
26 1
84 71
10 97
79 33
42 12
76 67
8 66
57 43
67 61
0 19
86 58
69 71
15 31
34 94
30 35
64 56
37 48
28 99
97 59
32 91
23 60
58 31
27 15
27 94
28 79
65 14
37 34
37 5
66 24
99 48
59 63
4 96
63 84
48 60
96 32
3 19
93 61
51 20
28 30
66 8
9 31
74 46
65 11
51 83
35 2
31 95
17 88
43 80
24 91
92 20
76 95
40 69
8 43
89 88
73 55
96 34
86 70
80 3
34 84
39 69
86 22
64 4
10 60
36 87
3 29
7 79
76 99
48 37
42 89
25 67
44 74
1 82
96 34
38 30
18 29
0 56
51 16
12 14
76 49
1 32
30 60
11 58
60 60
95 2
49 73
22 46
99 75
80 47
9 70
78 79
99 30
36 3
98 0
17 27
1 70
59 83
30 70
42 42
82 89
97 32
14 19
30 65
94 62
13 56
33 91
35 84
73 23
39 71
24 8
50 77
78 9
61 61
32 55
55 14
44 52
98 11
23 28
76 18
91 89
74 76
32 61
12 57
85 52
81 61
60 31
38 91
93 99
4 25
54 59
39 51
12 38
62 35
18 90
5 61
32 31
37 64
93 50
22 30
54 3
91 14
86 81
57 79
81 61
4 87
21 96
90 33
86 4
20 4
95 26
66 27
57 55
43 2
57 17
32 11
72 75
78 59
57 35
38 90
97 95
77 18
43 68
3 29
24 75
85 19
1 51
98 11
7 42
65 64
59 50
28 32
25 6
91 34
41 81
24 90
28 54
60 71
74 63
52 98
39 38
18 92
89 16
55 48
10 21
65 70
71 93
2 48
51 45
83 92
78 7
83 7
13 43
