2000
31 2
48 83
91 46
90 39
19 81
60 99
27 86
63 14
22 80
2 86
97 70
5 83
99 70
96 71
81 24
26 65
79 74
48 70
20 38
61 91
72 21
90 99
59 6
66 34
38 68
20 36
39 78
71 38
48 67
9 30
92 87
95 71
13 95
93 86
33 54
77 57
28 20
57 39
26 23
73 64
43 46
52 34
24 23
25 72
91 86
54 35
74 1
58 87
96 51
25 82
57 3
39 37
23 96
77 1
71 50
65 15
48 70
49 72
93 74
97 36
13 3
23 87
5 81
26 1
32 52
83 42
7 23
79 82
71 8
83 95
11 0
10 59
70 11
84 16
38 81
4 51
84 28
90 89
61 16
43 46
20 78
88 27
53 19
61 25
28 44
20 39
97 82
50 19
45 34
87 35
15 44
38 52
24 28
93 85
97 36
31 69
67 71
97 20
91 58
45 71
55 17
62 4
51 12
23 97
99 11
84 66
7 23
18 31
3 64
16 52
0 48
22 19
71 71
40 62
81 37
33 36
55 47
40 58
60 16
7 11
79 92
77 86
67 96
17 22
60 33
75 12
33 49
84 5
20 24
19 1
61 5
90 68
52 82
27 64
98 86
75 29
78 53
15 97
1 32
20 13
18 47
77 3
96 61
60 16
85 32
69 99
89 59
19 41
42 46
58 92
85 85
22 63
38 37
13 91
22 85
56 92
32 34
47 80
47 60
48 85
92 17
84 81
77 3
74 71
2 84
63 87
70 37
2 60
75 67
52 49
52 8
93 84
94 40
16 42
0 64
27 44
82 63
77 11
18 4
34 72
88 49
11 58
87 66
19 62
33 23
63 86
83 56
22 30
48 39
24 1
3 51
45 37
66 75
0 36
79 34
9 67
84 72
78 71
38 49
85 72
72 0
10 7
56 84
37 56
23 61
57 79
64 55
68 82
30 69
19 61
55 28
80 39
52 58
62 91
7 99
15 31
99 25
39 7
9 76
16 85
90 73
16 54
28 84
37 10
5 8
23 61
88 4
52 40
62 67
31 22
18 46
53 18
23 44
77 85
73 93
22 63
19 38
69 99
74 58
62 32
66 85
93 54
89 97
95 4
16 78
78 35
77 31
5 0
28 34
37 1
28 59
16 99
49 85
98 24
44 60
56 62
46 1
17 87
50 64
91 67
42 69
2 71
53 59
72 81
93 61
34 21
73 50
72 22
87 71
98 83
83 6
46 81
59 15
69 10
79 12
29 73
34 31
45 39
90 69
72 83
82 6
57 55
8 81
78 95
4 76
79 88
35 77
69 94
92 90
4 23
55 33
48 89
16 45
80 58
66 52
94 49
10 3
4 18
84 34
65 89
63 96
29 98
73 50
92 17
41 49
92 48
34 93
89 51
38 69
61 5
21 7
6 83
10 10
1 47
45 18
88 8
15 17
58 88
19 50
58 60
51 50
60 86
43 49
89 34
18 2
91 91
10 97
74 72
59 27
71 56
46 59
16 61
28 74
1 48
77 59
60 28
62 21
66 5
70 55
91 41
58 82
84 68
31 59
92 91
38 64
99 36
75 16
97 4
90 51
4 19
10 16
0 72
89 66
30 12
22 73
53 80
56 37
0 87
48 44
30 39
8 30
75 36
98 73
40 40
76 96
60 38
64 60
63 54
26 93
66 48
18 19
80 74
8 32
14 9
29 96
48 37
78 23
73 76
48 65
17 24
13 77
63 78
37 26
32 15
71 50
16 89
69 48
16 29
33 82
90 62
78 38
51 57
14 25
33 62
42 50
39 8
79 54
86 68
32 70
84 55
20 52
96 41
0 12
22 33
46 13
95 25
51 47
34 17
24 19
80 18
22 71
26 1
77 64
22 9
86 58
64 6
10 60
99 62
25 22
48 71
87 43
48 38
42 34
56 18
54 88
89 28
11 15
81 88
32 3
49 18
61 65
25 23
77 76
86 2
98 34
26 37
29 74
76 24
61 84
94 15
24 83
43 87
51 24
75 83
80 24
1 93
89 78
17 66
55 3
21 5
89 99
43 18
73 71
94 86
7 89
1 83
72 96
70 75
73 45
58 5
21 12
98 62
90 15
80 97
70 1
55 59
0 50
30 26
21 76
12 80
65 66
63 90
14 33
65 39
30 24
44 51
36 43
65 78
10 45
76 81
99 83
92 51
33 74
29 6
51 94
86 16
12 49
58 26
34 76
18 64
52 62
67 40
57 84
18 68
29 46
1 80
29 93
32 14
68 61
20 19
55 6
87 67
7 98
46 93
74 16
9 26
78 28
66 88
12 84
8 42
83 9
22 64
2 6
79 22
68 99
41 75
58 81
95 17
79 93
11 53
9 20
79 39
49 45
27 13
81 35
55 64
96 30
29 99
88 8
73 8
59 67
84 17
48 31
35 79
76 98
84 85
18 63
76 19
60 56
85 41
43 40
58 40
22 39
91 11
99 64
19 58
83 55
28 31
38 63
62 14
13 46
51 31
61 28
3 21
36 88
15 79
80 25
71 55
64 62
18 63
79 89
73 62
97 1
46 35
16 8
2 29
7 53
13 68
33 68
42 69
8 57
1 40
34 72
95 98
35 65
13 66
55 86
28 4
40 26
39 56
87 41
38 94
47 3
62 80
71 56
2 79
13 3
19 47
75 67
97 62
84 62
28 91
49 9
95 41
35 35
49 74
28 87
68 75
90 83
8 13
39 10
92 5
13 64
4 88
83 54
51 67
16 31
59 65
40 54
58 28
41 8
2 70
47 23
97 38
58 5
51 49
15 96
54 28
12 11
69 95
65 72
14 81
3 25
99 96
32 57
76 73
65 30
95 13
5 45
3 63
50 6
13 18
54 19
98 66
30 67
13 95
91 28
29 47
53 28
95 85
85 23
11 3
53 58
68 11
3 23
26 6
81 39
24 36
11 74
2 41
42 16
89 85
44 18
32 49
98 27
87 35
50 98
90 56
8 10
67 12
33 93
70 15
85 46
51 48
20 5
89 62
21 30
0 17
0 32
19 50
12 6
86 62
56 76
70 64
87 89
28 72
35 98
39 20
44 90
68 65
48 9
79 69
92 79
39 44
64 58
95 76
64 81
90 20
9 13
36 48
2 17
21 37
15 60
9 12
3 29
29 51
91 60
72 83
92 11
27 8
69 74
84 33
55 26
5 65
39 94
13 94
11 86
31 26
99 93
90 2
22 71
5 65
32 77
48 76
41 28
84 10
2 20
96 10
46 53
27 38
47 92
32 58
79 15
37 78
60 27
32 35
51 89
0 83
18 1
11 59
81 95
70 35
67 18
45 13
71 24
3 19
17 87
77 48
55 14
78 15
94 62
50 45
51 3
80 69
4 91
29 85
38 51
20 5
69 18
70 92
94 26
63 11
13 41
11 68
7 89
84 1
3 86
98 54
89 78
24 93
21 5
30 11
8 3
68 29
73 39
21 67
65 85
31 30
78 42
99 85
84 35
39 87
21 89
94 11
20 70
56 93
75 39
5 35
94 73
64 67
64 85
34 81
22 17
12 0
60 63
38 96
98 29
35 71
18 81
34 38
51 43
32 78
82 89
13 76
62 77
95 79
15 81
60 37
99 24
90 11
87 28
7 37
57 94
9 27
76 43
66 79
86 50
58 20
39 71
96 53
1 91
32 16
73 45
5 24
69 95
35 57
23 94
94 32
88 55
60 16
99 78
96 37
80 6
58 19
29 54
72 30
98 57
98 23
2 4
47 71
51 82
80 27
28 27
59 68
82 71
85 33
49 33
71 29
39 29
0 68
35 25
51 85
82 49
8 36
5 7
59 57
41 40
84 69
19 95
38 1
67 75
87 68
60 58
50 99
87 50
19 74
27 22
60 61
24 20
97 29
80 57
38 21
49 22
43 68
18 33
21 37
8 8
5 68
18 7
19 57
58 90
32 37
13 44
99 37
64 96
18 96
5 57
18 6
31 13
26 1
46 0
38 6
8 96
26 79
3 97
36 13
87 68
51 52
64 2
41 29
50 60
77 56
69 95
14 0
60 41
2 6
41 92
64 1
88 90
80 44
87 17
9 27
37 60
31 2
62 73
83 65
85 60
21 54
8 87
54 68
28 8
27 21
1 91
75 41
34 7
85 73
24 95
0 14
7 84
68 22
9 51
87 94
63 60
0 71
47 6
92 28
15 19
1 68
62 76
9 96
84 47
70 60
42 22
26 1
6 94
75 15
97 62
9 61
74 61
84 74
68 28
2 83
47 3
51 10
32 12
6 16
59 28
28 53
51 55
55 57
49 30
25 99
45 86
12 71
48 96
45 16
25 47
51 24
3 54
86 35
66 45
3 26
73 31
79 24
38 86
82 40
69 59
39 14
45 51
37 93
99 83
9 76
82 60
1 85
14 39
72 33
84 75
59 58
59 90
82 97
29 16
89 98
75 28
64 21
31 1
66 31
84 76
7 67
88 60
4 55
0 77
88 84
4 99
42 63
41 77
13 70
45 2
68 73
83 32
46 14
86 12
45 70
40 5
89 81
65 94
36 65
23 76
50 27
27 44
43 68
73 8
91 71
62 59
44 45
44 42
12 30
6 57
52 99
62 42
80 80
88 16
45 11
44 47
90 71
44 85
91 17
93 82
40 8
94 36
5 38
78 17
20 37
27 72
36 41
14 16
21 54
84 67
65 28
66 8
51 10
93 42
80 39
25 72
47 19
9 52
9 39
22 29
76 49
53 64
90 20
80 12
74 64
31 92
44 97
0 95
60 93
90 92
84 15
64 83
86 25
88 95
65 10
76 93
59 29
58 49
49 38
13 76
55 44
68 51
94 68
99 6
13 89
50 50
4 14
33 42
92 21
89 57
83 65
50 42
46 60
44 96
51 57
24 58
54 92
9 0
12 8
6 25
49 56
75 5
22 61
47 66
34 36
23 18
1 26
12 0
86 8
48 89
18 72
47 72
64 57
24 76
17 30
53 67
38 81
72 12
94 20
79 28
8 54
46 62
32 11
62 19
19 10
60 37
82 8
61 98
17 85
26 34
67 79
53 57
12 26
70 6
98 1
35 58
55 33
20 88
96 82
59 16
44 19
5 26
79 67
76 96
4 2
31 72
34 84
29 46
62 51
53 12
52 40
71 60
25 91
0 22
26 11
38 70
82 95
49 62
62 25
58 67
80 41
91 14
78 72
12 40
24 17
53 28
57 76
40 35
19 40
57 45
3 47
68 86
42 69
48 57
46 58
76 26
0 67
92 78
39 5
18 15
22 23
96 32
51 36
67 71
29 76
16 32
75 36
18 17
5 18
26 52
77 2
78 77
21 23
7 61
28 77
28 2
53 24
34 4
13 53
75 42
29 44
26 56
80 97
74 38
67 52
90 44
55 20
73 28
43 80
89 23
10 70
26 63
94 12
67 7
66 95
1 47
39 80
4 71
77 30
61 44
82 51
41 89
24 66
18 19
99 59
43 9
29 21
72 76
33 91
35 99
86 37
47 77
69 51
1 46
33 62
42 15
66 35
57 90
2 75
61 1
34 56
10 16
77 34
92 11
25 27
62 12
16 9
89 85
12 42
83 97
5 26
13 71
13 70
13 15
97 26
68 83
83 78
99 12
12 91
23 90
71 86
2 87
47 43
73 12
86 8
9 43
86 74
66 0
96 31
15 93
57 84
77 40
14 76
5 79
20 28
69 91
66 23
30 66
66 55
30 4
64 91
47 50
66 13
50 62
44 18
8 2
54 85
94 68
13 99
99 85
80 68
28 98
91 59
64 10
66 94
14 30
86 62
33 4
75 83
18 72
1 26
74 7
63 20
76 29
72 75
14 4
96 43
2 87
54 67
97 72
13 12
3 51
26 36
55 1
71 74
25 25
52 51
32 16
72 60
45 96
36 59
0 32
54 2
71 60
21 21
33 35
33 88
38 11
76 94
12 47
20 90
24 72
41 57
40 13
17 85
61 5
97 61
89 3
16 61
16 37
82 49
24 67
89 63
78 65
9 42
64 81
84 89
5 26
46 46
39 15
83 53
73 80
14 62
36 82
75 52
72 9
1 96
28 42
11 58
7 72
53 71
5 37
60 11
63 58
9 55
26 92
8 99
25 74
61 61
57 89
65 81
98 66
77 27
60 41
37 67
65 90
90 71
28 51
34 43
61 43
98 39
87 6
38 12
33 52
25 42
41 90
23 91
8 52
70 68
45 8
87 11
50 78
82 30
81 16
74 94
11 72
34 98
31 72
63 64
76 40
58 17
83 81
61 91
33 31
12 79
91 99
42 94
29 76
24 10
44 98
5 55
71 39
5 54
63 20
70 40
61 28
9 44
9 70
87 94
54 99
25 97
51 67
91 32
43 16
43 87
66 0
94 89
91 0
43 54
20 13
94 33
41 4
77 50
26 17
97 32
68 22
30 71
90 73
4 85
41 47
73 8
99 67
97 90
19 41
44 92
54 91
25 48
47 55
50 73
72 47
58 40
22 88
64 12
13 68
49 55
67 74
63 66
42 60
56 13
53 0
5 60
43 31
8 90
38 58
16 10
58 74
2 80
62 66
44 27
86 93
82 53
68 45
19 62
58 75
27 63
28 33
23 23
16 83
14 54
94 30
16 52
4 18
84 18
37 28
45 23
73 80
77 93
77 48
7 87
76 35
51 56
68 74
79 36
10 93
90 4
75 6
56 31
76 92
49 13
72 47
89 45
27 18
91 56
66 98
44 42
33 95
98 53
21 78
89 31
23 31
35 99
89 43
82 66
35 32
31 59
31 20
57 10
90 48
66 57
98 62
51 32
57 50
37 79
80 79
62 55
10 50
6 0
93 89
18 81
73 1
40 56
74 49
66 64
97 84
21 96
47 73
80 56
75 69
35 7
48 50
62 11
0 21
11 45
10 81
78 35
82 71
91 56
20 9
21 18
93 94
66 92
19 98
49 46
67 36
53 16
86 68
27 38
41 90
84 51
23 62
38 5
33 29
14 54
90 35
24 83
81 42
76 1
40 25
99 59
61 53
27 0
73 6
38 14
48 22
17 71
37 55
29 70
36 43
76 26
30 52
61 11
46 89
64 38
66 64
98 28
69 25
80 42
84 18
8 32
93 25
4 30
32 33
52 20
76 81
98 58
33 59
69 32
49 86
70 15
2 68
95 71
46 27
65 30
46 25
62 91
2 18
73 86
3 25
6 31
58 4
89 44
15 11
76 64
97 46
32 51
15 79
74 13
7 91
43 5
16 57
96 70
28 69
56 31
46 62
63 57
18 52
1 33
63 29
50 12
75 82
15 42
61 89
55 20
80 50
25 48
60 21
18 88
42 74
71 41
88 34
98 6
39 51
40 54
80 90
67 55
24 34
50 37
24 57
58 56
8 35
5 20
9 75
60 51
2 31
44 90
66 42
49 5
93 41
59 25
83 78
81 59
13 83
96 89
40 6
45 0
42 2
20 51
30 80
54 32
64 99
74 30
93 75
87 39
16 98
64 51
29 97
10 94
80 59
83 21
65 80
21 59
35 94
62 65
26 69
49 90
20 23
72 13
51 11
52 67
10 69
71 91
66 81
85 47
40 20
68 58
52 41
69 87
35 32
52 62
53 1
4 73
77 77
86 28
88 91
47 50
60 70
93 78
52 78
25 44
50 45
54 3
87 76
42 22
8 47
36 13
48 41
86 77
18 24
57 58
67 57
9 79
27 2
58 31
33 83
76 35
29 82
90 68
58 33
90 18
80 27
31 80
20 69
10 38
46 67
48 13
24 9
93 52
64 3
83 97
38 11
84 67
46 27
35 4
12 78
75 44
57 58
24 77
28 34
67 74
54 15
39 30
25 32
34 89
87 70
38 26
81 74
45 79
1 33
84 13
11 11
57 20
69 34
49 97
20 16
23 26
83 63
57 8
47 91
49 35
61 39
61 95
14 58
74 67
91 10
81 54
21 90
74 91
76 23
40 97
91 64
23 75
79 80
35 26
24 85
61 85
24 74
80 90
33 7
58 76
17 91
31 39
33 57
82 10
81 22
7 72
38 82
99 17
15 35
96 39
20 9
76 96
84 57
39 69
16 49
45 33
40 28
24 73
86 6
35 19
81 42
91 71
77 43
41 92
78 37
31 50
46 7
98 82
16 37
3 32
86 1
18 78
29 42
4 67
1 39
86 34
34 30
57 11
73 98
3 51
35 86
1 34
45 99
16 14
89 20
46 75
21 16
54 2
11 58
70 64
49 56
98 83
86 55
94 11
54 49
62 41
87 15
75 33
15 92
47 4
64 45
31 37
14 37
39 25
47 61
89 97
18 39
80 56
94 27
68 0
28 82
94 16
98 69
1 65
13 0
21 29
45 52
66 59
42 58
36 89
19 25
86 89
64 19
98 11
98 18
63 78
0 57
94 50
79 95
15 92
47 88
74 93
41 40
4 83
50 41
24 70
18 63
11 35
82 9
98 32
79 13
10 32
71 57
82 2
4 50
46 52
38 20
45 31
13 1
14 63
94 91
33 65
54 97
0 88
58 50
20 38
63 82
70 86
39 4
88 44
54 87
48 45
7 45
76 20
46 43
84 93
34 69
58 88
66 10
76 25
60 48
15 75
30 85
62 22
41 2
18 96
89 66
41 97
11 69
69 57
12 5
2 46
75 60
34 93
70 62
70 82
62 85
10 93
22 72
67 64
26 85
12 16
51 53
65 62
22 86
71 87
92 74
33 19
34 20
12 57
34 83
91 97
20 1
90 43
25 9
7 52
94 19
20 97
24 85
59 98
23 82
85 15
56 19
34 43
91 99
52 25
82 95
22 2
97 64
45 22
73 4
26 19
75 46
16 99
83 75
50 7
10 35
74 66
6 61
61 97
60 13
23 42
61 97
96 58
62 94
32 87
98 11
7 26
57 23
25 93
51 75
52 61
63 26
79 69
87 41
19 47
6 42
41 67
91 90
77 5
84 10
93 34
73 52
60 30
75 38
75 78
65 27
39 28
6 71
98 93
12 17
93 70
11 86
38 54
